Generated 100 numbers in: 0.016 seconds
Selection Sort: 0.0 seconds
List before removing duplicates: 
[100, 100, 101, 102, 102, 103, 105, 106, 108, 109, 109, 110, 112, 112, 114, 115, 115, 116, 116, 116, 116, 116, 117, 119, 121, 121, 122, 123, 124, 125, 126, 126, 127, 128, 130, 130, 131, 131, 131, 131, 133, 134, 136, 137, 139, 139, 140, 141, 141, 141, 143, 145, 145, 146, 147, 147, 150, 150, 153, 153, 154, 155, 161, 162, 163, 163, 164, 166, 167, 168, 169, 169, 169, 171, 176, 176, 176, 177, 179, 180, 181, 183, 183, 185, 186, 186, 187, 188, 188, 189, 190, 192, 193, 194, 195, 196, 197, 197, 197, 198]
Removed to duplicates: 0.0 seconds
List after removing duplicates: 
[100, 101, 102, 103, 105, 106, 108, 109, 110, 112, 114, 115, 116, 117, 119, 121, 122, 123, 124, 125, 126, 127, 128, 130, 131, 133, 134, 136, 137, 139, 140, 141, 143, 145, 146, 147, 150, 153, 154, 155, 161, 162, 163, 164, 166, 167, 168, 169, 171, 176, 177, 179, 180, 181, 183, 185, 186, 187, 188, 189, 190, 192, 193, 194, 195, 196, 197, 198]
List size before/after removal 100/68

Generated 100000 numbers in: 0.016 seconds
Selection Sort: 17.302 seconds
Removed to duplicates: 3.636 seconds
List size before/after removal: 100000/63162
