Name	Amount	protein (g)	calories	dietary fiber (g)	Potassium	Phosphorus	Magnesium	Calcium	Sodium	Iron	Selenium (mcg)	Manganese	Copper	Zinc	Vitamin A (IU)	Vitamin B1	Vitamin B2	Niacin	Folate (mcg)	Pantothenic Acid	Vitamin B6	Vitamin C	Vitamin E	Vitamin K (mcg)
Apple 	(1 medium)	0.47	95	4.4	195	20	9	11	2	0.22	0	0.064	0.049	0.07	98	0.031	0.047	0.166	5	0.111	0.075	8.4	0.33	4
Avocado 	(1 medium)	4.02	322	13.5	975	105	58	24	14	1.11	0.8	0.285	0.382	1.29	293	0.135	0.261	3.493	163	2.792	0.517	20.1	4.16	42.2
Banana 	(1 medium)	1.29	105	3.1	422	26	32	6	1	0.31	1.2	0.319	0.092	0.18	76	0.037	0.086	0.785	24	0.394	0.433	10.3	0.12	0.6
Blackberries 	(1 cup)	2	62	7.6	233	32	29	42	1	0.89	0.6	0.93	0.238	0.76	308	0.029	0.037	0.93	36	0.397	0.043	30.2	1.68	28.5
Blackcurrant 	(1 cup)	1.57	71	0	361	66	27	62	2	1.72	0	0.287	0.096	0.3	258	0.056	0.056	0.336	0	0.446	0.074	202.7	1.12	0
Blueberries 	(1 cup)	1.1	84	3.6	114	18	9	9	1	0.41	0.1	0.497	0	0.24	217	0.055	0.061	0.08	9	0.184	0.077	14.4	2.29	28.6
Boysenberries 	(1 cup)	1.45	66	7	183	36	21	36	1	1.12	0.3	0.722	0.106	0.29	88	0.07	0.049	1.012	83	0.33	0.074	4.1	1.15	10.3
Breadfruit 	(1 cup)	2.35	227	10.8	1078	66	55	37	4	1.19	1.3	0.132	0.185	0.26	0	0.242	0.066	1.98	31	1.05	0.22	62.8	0.22	1.1
Cantaloupe 	(1 medium slice)	0.58	23	0.6	184	10	8	6	11	0.14	0.3	0.028	0.028	0.12	2334	0.028	0.013	0.506	14	0.072	0.05	25.3	0.03	1.7
Cherimoya 	(1 cup diced)	2.51	120	4.8	459	42	27	16	11	0.43	0	0.149	0.11	0.26	8	0.162	0.21	1.03	37	0.552	0.411	20.2	0.43	0
Cherries 	(1 cup)	1.46	87	2.9	306	29	15	18	0	0.5	0	0.097	0.083	0.1	88	0.037	0.046	0.213	6	0.275	0.068	9.7	0.1	2.9
Chinese pear 	(1)	1.38	116	9.9	333	30	22	11	0	0	0.3	0.165	0.138	0.06	0	0.025	0.028	0.602	22	0.193	0.06	10.4	0.33	12.4
Cranberries 	(1 cup)	0.39	46	4.6	85	13	6	8	2	0.25	0.1	0.36	0.061	0.1	60	0.012	0.02	0.101	1	0.295	0.057	13.3	1.2	5.1
Dates 	(1 cup pitted, chopped)	3.6	415	11.8	964	91	63	57	3	1.5	4.4	0.385	0.303	0.43	15	0.076	0.097	1.873	28	0.866	0.243	0.6	0.07	4
Figs 	(1 large)	0.48	47	1.9	148	9	11	22	1	0.24	0.1	0.082	0.045	0.1	91	0.038	0.032	0.256	4	0.192	0.072	1.3	0.07	3
Gooseberries 	(1 cup)	1.32	66	6.5	297	40	15	38	2	0.47	0.9	0.216	0.105	0.18	435	0.06	0.045	0.45	9	0.429	0.12	41.5	0.56	0
Grapefruit 	(1 cup sections)	1.45	74	2.5	320	18	18	28	0	0.21	0.7	0.028	0.108	0.16	2132	0.083	0.046	0.575	23	0.651	0.097	79.1	0.3	0
Grapes 	(1 cup)	1.09	104	1.4	288	30	11	15	3	0.54	0.2	0.107	0.192	0.11	100	0.104	0.106	0.284	3	0.076	0.13	16.3	0.29	22
Guava 	(1 cup)	4.21	112	8.9	688	66	36	30	3	0.43	1	0.247	0.38	0.38	1030	0.111	0.066	1.789	81	0.744	0.181	376.7	1.2	4.3
Kiwi 	(1 medium)	0.79	42	2.1	215	23	12	23	2	0.21	0.1	0.068	0.09	0.1	60	0.019	0.017	0.235	17	0.126	0.043	64	1.01	27.8
Lemon 	(1)	0.92	24	2.4	116	13	7	22	2	0.5	0.3	0.025	0.031	0.05	18	0.034	0.017	0.084	9	0.16	0.067	44.5	0.13	0
Lime 	(1)	0.47	20	1.9	68	12	4	22	1	0.4	0.3	0.005	0.044	0.07	34	0.02	0.013	0.134	5	0.145	0.029	19.5	0.15	0.4
Loganberries 	(1 cup frozen)	2.23	81	7.8	213	38	31	38	1	0.94	0.3	1.833	0.172	0.5	51	0.074	0.05	1.235	38	0.359	0.096	22.5	1.28	11.5
Lychee 	(1 cup)	1.58	125	2.5	325	59	19	10	2	0.59	1.1	0.104	0.281	0.13	0	0.021	0.123	1.146	27	0	0.19	135.8	0.13	0.08
Mango 	(1 without peel)	1.06	135	3.7	323	23	19	21	4	0.27	1.2	0.056	0.228	0.08	1584	0.12	0.118	1.209	29	0.331	0.227	57.3	2.32	8.7
Mulberries 	(1 cup)	2.02	0	2.4	272	53	25	55	14	2.59	0.8	0	0.084	0.17	35	0.041	0.141	0.868	8	0	0.07	51	1.22	10.9
Nectarine 	(1 cup sliced)	1.52	63	2.4	287	37	13	9	0	0.4	0	0.077	0.123	0.24	475	0.049	0.039	1.609	7	0.265	0.036	7.7	1.1	3.1
Olivers 	(1 tablespoon)	0.07	10	0.3	1	0	0	7	73	0.28	0.1	0.002	0.021	0.02	34	0	0	0.003	0	0.001	0.001	0.1	0.14	0.1
Orange 	(1 medium)	1.23	62	3.1	237	18	13	52	0	0.13	0.7	0.033	0.059	0.09	295	0.114	0.052	0.369	39	0.328	0.079	69.7	0.24	0
Papaya 	(1 cup cubed)	0.85	55	2.5	360	7	14	34	4	0.14	0.8	0.015	0.022	0.1	1532	0.038	0.045	0.473	53	0.305	0.027	86.5	1.02	3.6
Passionfruit 	(1 cup)	5.19	229	24.5	821	160	68	28	66	3.78	1.4	0	0.203	0.24	3002	0	0.307	3.54	33	0	0.236	70.8	0.05	1.7
Peach 	(1 medium)	1.36	58	2.2	285	30	14	9	0	0.38	0.1	0.091	0.102	0.26	489	0.036	0.047	1.209	6	0.229	0.037	9.9	1.09	3.9
Pear 	(1 medium)	0.68	103	5.5	212	20	12	16	2	0.3	0.2	0.087	0.146	0.18	41	0.021	0.045	0.279	12	0.085	0.05	7.5	0.21	8
Persimmon 	(1)	0.2	32	0	78	6	0	7	0	0.62	0	0	0	0	0	0	0	0	0	0	0	16.5	0	0
Pineapple 	(1 cupn chunks)	0.89	82	2.3	180	13	20	21	2	0.48	0.2	1.53	0.181	0.2	96	0.13	0.053	0.825	30	0.351	0.185	78.9	0.03	1.2
Plum 	(1 cup sliced)	1.15	76	2.3	259	26	12	10	0	0.28	0	0.086	0.094	0.17	569	0.046	0.043	0.688	8	0.223	0.048	15.7	0.43	10.6
Pomegranate 	(1)	4.71	234	11.3	666	102	34	28	8	0.85	1.4	0.336	0.446	0.99	0	0.189	0.149	0.826	107	1.063	0.211	28.8	1.69	46.2
Prickly Pear 	(1 cup)	1.09	61	5.4	328	36	127	83	7	0.45	0.9	0	0.119	0.18	64	0.021	0.089	0.685	9	0	0.089	20.9	0	0
Raisins 	(1 small box, 1.5 oz)	1.32	129	1.6	322	43	14	22	5	0.81	0.3	0.129	0.137	0.09	0	0.046	0.054	0.329	2	0.041	0.075	1	0.05	1.5
Raspberries 	(1 cup)	1.48	64	8	186	36	27	31	1	0.85	0.2	0.824	0.111	0.52	41	0.039	0.047	0.736	26	0.405	0.068	32.2	1.07	9.6
Starfruit 	(1 cup)	1.37	41	3.7	176	16	13	4	3	0.11	0.8	0.049	0.181	0.16	81	0.018	0.021	0.484	16	0.516	0.022	45.4	0.2	0
Strawberry 	(1 cup)	0.96	46	2.9	220	35	19	23	1	0.59	0.6	0.556	0.069	0.2	17	0.035	0.032	0.556	35	0.18	0.068	84.7	0.42	3.2
Tomato 	(1 medium)	1.08	22	1.5	292	30	14	12	6	0.33	0	0.14	0.073	0.21	1025	0.046	0.023	0.731	18	0.109	0.098	15.6	0.66	9.7
Watermelon 	(1 medium slice)	1.74	86	1.1	320	31	29	20	3	0.69	1.1	0.109	0.12	0.29	1627	0.094	0.06	0.509	9	0.632	0.129	23.2	0.14	0.3