Howard,Moe,11,11,16,7,13,138,146,8,8,8,4
Howard,Curly,5,14,19,12,12,129,111,8,9,6,3
Fine,Lary,15,15,16,12,11,111,123,9,7,5,7
Howard,Shemp,14,19,15,16,6,122,126,8,8,8,9
Besser,Joe,2,14,15,12,18,118,141,9,9,7,6
DeRita,Curly Joe,0,15,15,7,17,142,138,8,8,9,3
Tiure,Jabba Desilijic,16,10,15,9,16,120,140,9,9,5,1
Tharen,Bria,0,12,17,2,17,131,144,8,7,7,4
Tai,Durga Besadii,13,12,19,3,13,116,122,9,7,5,0
Damask,Hego,7,10,19,1,11,104,114,8,9,6,2
Lannister,Tyrion,0,15,18,11,18,106,112,9,9,7,3
Stark,Arya,14,13,15,5,14,114,123,9,7,6,2
Clegane,Sandor,9,13,19,14,6,142,111,8,9,4,1
Targaryen,Daenerys,11,10,19,0,17,144,137,8,7,8,5
Bombadil,Tom,7,14,18,8,13,140,122,9,7,9,9
Brandybuck,Meriadoc,14,11,17,2,14,137,113,9,9,4,9
Took,Pregrin,8,10,15,7,5,120,123,8,8,6,4
McCoy,Leonard,2,15,15,17,16,129,123,8,8,9,6
Scott,Montgomery,8,15,17,18,11,130,147,9,8,7,3
Crusher,Wesley,10,11,17,8,18,105,122,8,8,8,0
Montoya,Inigo,5,13,19,4,9,106,110,9,9,4,9
Rugen,Tyrone,0,11,19,9,5,147,110,9,7,7,0
Solo,Han,8,12,19,10,5,129,142,9,7,4,3
Corey,Carl,1,18,15,4,12,111,125,9,8,8,5
Flaumel,Evelyn,19,18,15,4,6,107,131,8,8,4,2
Taltos,Vlad,4,10,17,18,18,129,140,9,7,4,4
e'Drien,Morrolan,13,13,15,14,19,95,123,9,7,6,3
Watson,John,20,20,18,15,20,150,145,10,10,9,10
McCoy,Ebenezar,20,19,20,20,20,150,150,10,10,10,10
Carpenter,Molly,20,15,18,18,20,140,125,10,10,10,10
Dresden,Harry,12,12,15,10,17,100,121,5,8,9,10